# CORRECTED 3-PIN SKETCH ROUTE - Path.Jerry editable plan
# Intended action order: toggle -> preload score -> backup -> left pin stack -> score -> backup -> upper pin stack -> score.
# IMAGE-DERIVED, APPROXIMATE POSITIONS. Not robot-ready motion code. Robot center and headings must be calibrated.
# Editor coordinate frame was estimated from the previously imported Path.Jerry screenshot, not the LemLib start-relative frame.
#PATH-POINTS-START 01 Hit toggle
92.531,42.416,90
93.413,42.416,90
94.294,42.416,90
95.176,42.416,90
96.058,42.416,90
96.940,42.416,90
97.822,42.416,90
98.704,42.416,90
99.586,42.416,90
100.468,42.416,90
101.350,42.416,90
102.231,42.416,90
103.113,42.416,90
103.995,42.416,90
104.877,42.416,90
105.759,42.416,90
106.641,42.416,90
107.523,42.416,90
108.405,42.416,90
109.287,42.416,90
110.168,42.416,90
111.050,42.416,90
111.932,42.416,90
112.814,42.416,90
113.696,42.416,90
114.578,42.416,90
115.460,42.416,90
116.342,42.416,90
117.223,42.416,90
118.105,42.416,90
118.987,42.416,90
119.869,42.416,90
120.751,42.416,90
121.633,42.416,90
122.515,42.416,90
123.397,42.416,90
124.279,42.416,90
125.160,42.416,90
#PATH-POINTS-START 02 Clear toggle
125.160,42.416,90
123.617,42.416,90
122.074,42.416,90
120.531,42.416,90
118.987,42.416,90
117.444,42.416,90
115.901,42.416,90
114.357,42.416,90
112.814,42.416,90
111.271,42.416,90
109.727,42.416,90
108.184,42.416,90
106.641,42.416,90
105.098,42.416,90
103.554,42.416,90
102.011,42.416,90
100.468,42.416,90
98.924,42.416,90
97.381,42.416,90
95.838,42.416,90
94.294,42.416,90
92.751,42.416,90
91.208,42.416,90
89.665,42.416,90
88.121,42.416,90
86.578,42.416,90
85.035,42.416,90
83.491,42.416,90
81.948,42.416,90
80.405,42.416,90
78.861,42.416,90
77.318,42.416,90
75.775,42.416,90
74.232,42.416,90
72.688,42.416,90
71.145,42.416,90
69.602,42.416,90
68.058,42.416,90
#PATH-POINTS-START 03 Score preload
68.058,42.416,90
68.058,43.702,90
68.058,44.989,90
68.058,46.275,90
68.058,47.562,90
68.058,48.849,90
68.058,50.135,90
68.058,51.422,90
68.058,52.708,90
68.058,53.995,90
68.058,55.281,90
68.058,56.568,90
68.058,57.854,90
68.058,59.141,90
68.058,60.428,90
68.058,61.714,90
68.058,63.001,90
68.058,64.287,90
68.058,65.574,90
68.058,66.860,90
68.058,68.147,90
68.058,69.433,90
68.058,70.720,90
68.058,72.007,90
68.058,73.293,90
68.058,74.580,90
68.058,75.866,90
68.058,77.153,90
68.058,78.439,90
68.058,79.726,90
68.058,81.012,90
68.058,82.299,90
68.058,83.585,90
68.058,84.872,90
68.058,86.159,90
68.058,87.445,90
68.058,88.732,90
68.058,90.018,90
#PATH-POINTS-START 04 Back out #1
68.058,90.018,90
68.058,89.411,90
68.058,88.803,90
68.058,88.196,90
68.058,87.588,90
68.058,86.981,90
68.058,86.373,90
68.058,85.765,90
68.058,85.158,90
68.058,84.550,90
68.058,83.943,90
68.058,83.335,90
68.058,82.728,90
68.058,82.120,90
68.058,81.513,90
68.058,80.905,90
68.058,80.298,90
68.058,79.690,90
68.058,79.083,90
68.058,78.475,90
68.058,77.867,90
68.058,77.260,90
68.058,76.652,90
68.058,76.045,90
68.058,75.437,90
68.058,74.830,90
68.058,74.222,90
68.058,73.615,90
68.058,73.007,90
68.058,72.400,90
68.058,71.792,90
68.058,71.185,90
68.058,70.577,90
68.058,69.969,90
68.058,69.362,90
68.058,68.754,90
68.058,68.147,90
68.058,67.539,90
#PATH-POINTS-START 05 Pick up stack #1
68.058,67.539,90
68.329,66.032,90
68.546,64.559,90
68.710,63.119,90
68.822,61.715,90
68.883,60.347,90
68.894,59.016,90
68.856,57.724,90
68.770,56.470,90
68.636,55.256,90
68.456,54.083,90
68.230,52.952,90
67.960,51.863,90
67.646,50.818,90
67.289,49.817,90
66.891,48.862,90
66.451,47.953,90
65.972,47.092,90
65.453,46.278,90
64.896,45.514,90
64.302,44.800,90
63.672,44.137,90
63.006,43.525,90
62.306,42.967,90
61.572,42.462,90
60.805,42.012,90
60.007,41.617,90
59.178,41.279,90
58.319,40.999,90
57.431,40.777,90
56.515,40.614,90
55.572,40.511,90
54.602,40.469,90
53.607,40.490,90
52.588,40.573,90
51.546,40.721,90
50.480,40.933,90
49.393,41.211,90
48.286,41.555,90
47.158,41.968,90
46.012,42.448,90
44.848,42.999,90
43.666,43.619,90
42.469,44.311,90
41.256,45.075,90
40.029,45.912,90
38.788,46.823,90
37.535,47.810,90
36.271,48.872,90
34.996,50.011,90
33.711,51.228,90
32.417,52.523,90
31.116,53.898,90
29.807,55.354,90
28.492,56.891,90
27.173,58.510,90
25.849,60.213,90
24.522,62.000,90
23.192,63.872,90
21.861,65.830,90
20.529,67.875,90
19.198,70.008,90
17.868,72.230,90
16.541,74.542,90
15.216,76.944,90
13.895,79.438,90
12.580,82.025,90
11.270,84.705,90
9.967,87.479,90
8.672,90.349,90
#PATH-POINTS-START 06 Score stack #1
8.672,90.349,90
10.277,90.340,90
11.882,90.331,90
13.487,90.322,90
15.092,90.313,90
16.697,90.304,90
18.302,90.295,90
19.907,90.286,90
21.512,90.277,90
23.117,90.268,90
24.722,90.259,90
26.327,90.251,90
27.933,90.242,90
29.538,90.233,90
31.143,90.224,90
32.748,90.215,90
34.353,90.206,90
35.958,90.197,90
37.563,90.188,90
39.168,90.179,90
40.773,90.170,90
42.378,90.161,90
43.983,90.152,90
45.588,90.143,90
47.193,90.134,90
48.798,90.125,90
50.403,90.117,90
52.008,90.108,90
53.613,90.099,90
55.218,90.090,90
56.823,90.081,90
58.428,90.072,90
60.033,90.063,90
61.638,90.054,90
63.243,90.045,90
64.848,90.036,90
66.453,90.027,90
68.058,90.018,90
#PATH-POINTS-START 07 Back out #2
68.058,90.018,90
67.018,90.197,90
65.977,90.376,90
64.936,90.554,90
63.896,90.733,90
62.855,90.912,90
61.815,91.090,90
60.774,91.269,90
59.733,91.448,90
58.693,91.626,90
57.652,91.805,90
56.611,91.984,90
55.571,92.162,90
54.530,92.341,90
53.490,92.520,90
52.449,92.699,90
51.408,92.877,90
50.368,93.056,90
49.327,93.235,90
48.286,93.413,90
47.246,93.592,90
46.205,93.771,90
45.165,93.949,90
44.124,94.128,90
43.083,94.307,90
42.043,94.485,90
41.002,94.664,90
39.961,94.843,90
38.921,95.021,90
37.880,95.200,90
36.840,95.379,90
35.799,95.558,90
34.758,95.736,90
33.718,95.915,90
32.677,96.094,90
31.636,96.272,90
30.596,96.451,90
29.555,96.630,90
#PATH-POINTS-START 08 Pick up stack #2
29.555,96.630,90
28.991,96.460,90
28.426,96.290,90
27.862,96.120,90
27.298,95.951,90
26.733,95.781,90
26.169,95.611,90
25.604,95.441,90
25.040,95.272,90
24.476,95.102,90
23.911,94.932,90
23.347,94.762,90
22.782,94.593,90
22.218,94.423,90
21.653,94.253,90
21.089,94.083,90
20.525,93.914,90
19.960,93.744,90
19.396,93.574,90
18.831,93.404,90
18.267,93.235,90
17.703,93.065,90
17.138,92.895,90
16.574,92.725,90
16.009,92.556,90
15.445,92.386,90
14.881,92.216,90
14.316,92.046,90
13.752,91.877,90
13.187,91.707,90
12.623,91.537,90
12.059,91.367,90
11.494,91.198,90
10.930,91.028,90
10.365,90.858,90
9.801,90.688,90
9.237,90.519,90
8.672,90.349,90
8.672,90.349,90
9.070,90.893,90
9.497,91.462,90
9.952,92.056,90
10.434,92.672,90
10.944,93.312,90
11.480,93.973,90
12.042,94.656,90
12.628,95.360,90
13.240,96.084,90
13.875,96.828,90
14.533,97.590,90
15.213,98.370,90
15.916,99.168,90
16.639,99.983,90
17.383,100.814,90
18.147,101.661,90
18.930,102.522,90
19.732,103.398,90
20.552,104.287,90
21.388,105.190,90
22.242,106.104,90
23.111,107.030,90
23.996,107.967,90
24.895,108.914,90
25.809,109.871,90
26.736,110.837,90
27.675,111.811,90
28.627,112.793,90
29.590,113.782,90
30.564,114.777,90
31.548,115.777,90
32.541,116.783,90
33.543,117.793,90
34.553,118.807,90
35.571,119.824,90
36.596,120.843,90
37.627,121.864,90
38.664,122.886,90
39.705,123.909,90
40.751,124.931,90
41.800,125.952,90
42.852,126.972,90
43.907,127.989,90
44.963,129.004,90
46.021,130.015,90
47.079,131.021,90
48.136,132.023,90
49.193,133.020,90
50.248,134.010,90
51.300,134.994,90
52.350,135.969,90
53.397,136.937,90
54.439,137.896,90
55.476,138.846,90
56.508,139.785,90
57.534,140.714,90
58.553,141.631,90
59.564,142.536,90
60.568,143.428,90
61.563,144.307,90
62.548,145.172,90
63.523,146.022,90
64.488,146.857,90
65.442,147.675,90
66.383,148.477,90
67.312,149.262,90
68.227,150.028,90
69.129,150.776,90
70.016,151.505,90
#PATH-POINTS-START 09 Score stack #2
70.016,151.505,90
69.963,149.843,90
69.910,148.181,90
69.857,146.519,90
69.804,144.858,90
69.752,143.196,90
69.699,141.534,90
69.646,139.872,90
69.593,138.210,90
69.540,136.549,90
69.487,134.887,90
69.434,133.225,90
69.381,131.563,90
69.328,129.901,90
69.275,128.240,90
69.222,126.578,90
69.170,124.916,90
69.117,123.254,90
69.064,121.592,90
69.011,119.931,90
68.958,118.269,90
68.905,116.607,90
68.852,114.945,90
68.799,113.283,90
68.746,111.622,90
68.693,109.960,90
68.640,108.298,90
68.587,106.636,90
68.535,104.974,90
68.482,103.313,90
68.429,101.651,90
68.376,99.989,90
68.323,98.327,90
68.270,96.665,90
68.217,95.004,90
68.164,93.342,90
68.111,91.680,90
68.058,90.018,90
#PATH.JERRYIO-DATA {"appVersion":"0.11.0","format":"path.jerryio v0.1","gc":{"robotWidth":12,"robotHeight":16,"robotIsHolonomic":false,"showRobot":false,"uol":2.54,"pointDensity":0.9,"controlMagnetDistance":2.0,"fieldImage":{"displayName":"V5RC 2027 - Override","signature":"V5RC-Override-H2H-TopDownHighlighted-TileColor66_71","origin":{"__type":"built-in"}},"coordinateSystem":"VEX Gaming Positioning System"},"paths":[{"segments":[{"controls":[{"uid":"7SkAPbXvZcXm","x":36.4294,"y":16.6991,"lock":false,"visible":true,"heading":90.0,"__type":"end-point"},{"uid":"bXtfGAuMSHz5","x":49.2758,"y":16.6991,"lock":false,"visible":true,"heading":90.0,"__type":"end-point"}],"speedProfiles":[],"lookaheadKeyframes":[],"uid":"8BmlodW3aix3"}],"pc":{"speedLimit":{"minLimit":{"value":0,"label":"0"},"maxLimit":{"value":600,"label":"600"},"step":1,"from":30,"to":100},"bentRateApplicableRange":{"minLimit":{"value":0,"label":"0"},"maxLimit":{"value":1,"label":"1"},"step":0.001,"from":0,"to":0.1}},"name":"01 Hit toggle","uid":"XxshFpNVl2vy","lock":false,"visible":true},{"segments":[{"controls":[{"uid":"fIa46GnaSDk2","x":49.2758,"y":16.6991,"lock":false,"visible":true,"heading":270.0,"__type":"end-point"},{"uid":"Wzs97nOqkf15","x":26.7946,"y":16.6991,"lock":false,"visible":true,"heading":270.0,"__type":"end-point"}],"speedProfiles":[],"lookaheadKeyframes":[],"uid":"YjyBsUxMSPxJ"}],"pc":{"speedLimit":{"minLimit":{"value":0,"label":"0"},"maxLimit":{"value":600,"label":"600"},"step":1,"from":30,"to":100},"bentRateApplicableRange":{"minLimit":{"value":0,"label":"0"},"maxLimit":{"value":1,"label":"1"},"step":0.001,"from":0,"to":0.1}},"name":"02 Clear toggle","uid":"Ob2NRGSDaDCB","lock":false,"visible":true},{"segments":[{"controls":[{"uid":"mdgBpUmZ1mkK","x":26.7946,"y":16.6991,"lock":false,"visible":true,"heading":0.0,"__type":"end-point"},{"uid":"UExFivDyhbMa","x":26.7946,"y":35.4403,"lock":false,"visible":true,"heading":0.0,"__type":"end-point"}],"speedProfiles":[],"lookaheadKeyframes":[],"uid":"rZ0LlRSWS7mN"}],"pc":{"speedLimit":{"minLimit":{"value":0,"label":"0"},"maxLimit":{"value":600,"label":"600"},"step":1,"from":30,"to":100},"bentRateApplicableRange":{"minLimit":{"value":0,"label":"0"},"maxLimit":{"value":1,"label":"1"},"step":0.001,"from":0,"to":0.1}},"name":"03 Score preload","uid":"U3to73klSVX5","lock":false,"visible":true},{"segments":[{"controls":[{"uid":"Qrc58uXRpd20","x":26.7946,"y":35.4403,"lock":false,"visible":true,"heading":180.0,"__type":"end-point"},{"uid":"Pcnvlkejv1cF","x":26.7946,"y":26.5903,"lock":false,"visible":true,"heading":180.0,"__type":"end-point"}],"speedProfiles":[],"lookaheadKeyframes":[],"uid":"bWMNV6KuQ1lx"}],"pc":{"speedLimit":{"minLimit":{"value":0,"label":"0"},"maxLimit":{"value":600,"label":"600"},"step":1,"from":30,"to":100},"bentRateApplicableRange":{"minLimit":{"value":0,"label":"0"},"maxLimit":{"value":1,"label":"1"},"step":0.001,"from":0,"to":0.1}},"name":"04 Back out #1","uid":"bdL4Yn4Ohl38","lock":false,"visible":true},{"segments":[{"controls":[{"uid":"pHCIbceZZoTV","x":26.7946,"y":26.5903,"lock":false,"visible":true,"heading":168.79,"__type":"end-point"},{"uid":"oJAf6ITsIYdc","x":29.4924,"y":12.7947,"lock":false,"visible":true,"__type":"control"},{"uid":"RKLZxoRmTx69","x":15.1044,"y":9.1506,"lock":false,"visible":true,"__type":"control"},{"uid":"RJL9FPF9nsNj","x":3.4142,"y":35.5704,"lock":false,"visible":true,"heading":335.85,"__type":"end-point"}],"speedProfiles":[],"lookaheadKeyframes":[],"uid":"Pa0MLqjKjVso"}],"pc":{"speedLimit":{"minLimit":{"value":0,"label":"0"},"maxLimit":{"value":600,"label":"600"},"step":1,"from":30,"to":100},"bentRateApplicableRange":{"minLimit":{"value":0,"label":"0"},"maxLimit":{"value":1,"label":"1"},"step":0.001,"from":0,"to":0.1}},"name":"05 Pick up stack #1","uid":"PL8AN2bATo8I","lock":false,"visible":true},{"segments":[{"controls":[{"uid":"Vt65JB287RfX","x":3.4142,"y":35.5704,"lock":false,"visible":true,"heading":90.31,"__type":"end-point"},{"uid":"nWXEyAdomuKD","x":26.7946,"y":35.4403,"lock":false,"visible":true,"heading":90.31,"__type":"end-point"}],"speedProfiles":[],"lookaheadKeyframes":[],"uid":"Yu1k4ZbIsGWf"}],"pc":{"speedLimit":{"minLimit":{"value":0,"label":"0"},"maxLimit":{"value":600,"label":"600"},"step":1,"from":30,"to":100},"bentRateApplicableRange":{"minLimit":{"value":0,"label":"0"},"maxLimit":{"value":1,"label":"1"},"step":0.001,"from":0,"to":0.1}},"name":"06 Score stack #1","uid":"6b60y2BCDYeX","lock":false,"visible":true},{"segments":[{"controls":[{"uid":"6QBpBJSef8m9","x":26.7946,"y":35.4403,"lock":false,"visible":true,"heading":279.62,"__type":"end-point"},{"uid":"PVycHNybFt3p","x":11.6359,"y":38.0432,"lock":false,"visible":true,"heading":279.62,"__type":"end-point"}],"speedProfiles":[],"lookaheadKeyframes":[],"uid":"qB9T1wPrW16t"}],"pc":{"speedLimit":{"minLimit":{"value":0,"label":"0"},"maxLimit":{"value":600,"label":"600"},"step":1,"from":30,"to":100},"bentRateApplicableRange":{"minLimit":{"value":0,"label":"0"},"maxLimit":{"value":1,"label":"1"},"step":0.001,"from":0,"to":0.1}},"name":"07 Back out #2","uid":"RBGZtoyK9Yfw","lock":false,"visible":true},{"segments":[{"controls":[{"uid":"7mo9hS7rIpRN","x":11.6359,"y":38.0432,"lock":false,"visible":true,"heading":253.47,"__type":"end-point"},{"uid":"QU8BXDgzqqUW","x":3.4142,"y":35.5704,"lock":false,"visible":true,"heading":253.47,"__type":"end-point"}],"speedProfiles":[],"lookaheadKeyframes":[],"uid":"TEcrqJ6BZRTw"},{"controls":[{"uid":"uRKZfGaNpBWY","x":3.4142,"y":35.5704,"lock":false,"visible":true,"heading":36.12,"__type":"end-point"},{"uid":"Vx64AbVPHXsk","x":6.8827,"y":40.3858,"lock":false,"visible":true,"__type":"control"},{"uid":"QCtBpcQDENSU","x":19.6007,"y":53.1402,"lock":false,"visible":true,"__type":"control"},{"uid":"haWc3KHbE4TU","x":27.5654,"y":59.6475,"lock":false,"visible":true,"heading":51.12,"__type":"end-point"}],"speedProfiles":[],"lookaheadKeyframes":[],"uid":"KolRX4DgIAkd"}],"pc":{"speedLimit":{"minLimit":{"value":0,"label":"0"},"maxLimit":{"value":600,"label":"600"},"step":1,"from":30,"to":100},"bentRateApplicableRange":{"minLimit":{"value":0,"label":"0"},"maxLimit":{"value":1,"label":"1"},"step":0.001,"from":0,"to":0.1}},"name":"08 Pick up stack #2","uid":"EdNoyNatsDPR","lock":false,"visible":true},{"segments":[{"controls":[{"uid":"uWhMKfEXNEhU","x":27.5654,"y":59.6475,"lock":false,"visible":true,"heading":181.85,"__type":"end-point"},{"uid":"7HT8tWHiWcyN","x":26.7946,"y":35.4403,"lock":false,"visible":true,"heading":181.85,"__type":"end-point"}],"speedProfiles":[],"lookaheadKeyframes":[],"uid":"hC48F3MyKBuy"}],"pc":{"speedLimit":{"minLimit":{"value":0,"label":"0"},"maxLimit":{"value":600,"label":"600"},"step":1,"from":30,"to":100},"bentRateApplicableRange":{"minLimit":{"value":0,"label":"0"},"maxLimit":{"value":1,"label":"1"},"step":0.001,"from":0,"to":0.1}},"name":"09 Score stack #2","uid":"zF9gZtEefLkI","lock":false,"visible":true}]}
